7817422
7689664
7544482
7544047
20599817
16583948
20599457
19894378
19087543
20166241
17842256
20420018
20597522
20596703
20596670
19409062
20596355
16541960
20596073
20595854
20595881
20595719
18877954
20595485
20595443
20595356
19975342
20593850
20593082
20580929
14831124
20592887
20592590
20579948
20120638
19728427
20591687
20121388
20591420
20591528
20591372
20590982
20590682
20586410
20586341
20585402
20585366
20585309
20585162
20584136
20575034
20557409
20487368
20565833
20589698
20589560
20589395
20589260
20459744
20588177
20588354
20588327
15385398
20587631
20228110
20587343
16550201
20586740
20586707
20585159
20511206
12262830
20584394
20583998
20584220
20583872
20583083
20551994
18728479
20582840
20031877
20582060
20582303
15877761
20581742
20581535
20581589
20581337
20581169
17171555
20580818
18214841
20580782
20580668
20580611
20580005
18333233
20579819
20579741
19275667
20578796
20578769
20244040
20599400
20573372
20573132
20573042
20572940
20572562
20569925
20560133
20554997
20464298
20578130
20578004
20288752
20576681
20576639
20576588
20576546
20576459
20576408
20503865
19905718
20576198
20576060
20575832
20575655
20575814
19330456
20575613
20575547
20574893
20575430
20575385
20574986
19828813
20574719
20574824
20243512
20574494
20573813
20573591
20573405
20098726
20286214
20571596
18967369
20570339
20569985
19385602
20569310
20569400
17130080
20569217
20568947
20568776
15709281
20567981
20498822
20567801
20567789
20567654
20017927
20567282
20566850
20567171
20566805
20148991
20566121
20566088
20565458
20560832
20565176
13608918
20564852
20564654
20564267
20563841
25260913
20575526
20559962
20559248
20559239
20558567
20557937
20536499
20508026
20479289
20141806
18062270
16662477
16177025
15005765
8839654
20563565
20562779
20562944
20562731
20562119
20562008
20470268
20561771
20561606
20561495
20561384
20561294
20561255
20560919
20560634
20560592
19056835
20469509
20558897
20558393
20558294
20526887
15188840
20557949
20557787
20557592
20505581
20555732
20557313
20557055
15470649
20556671
20556521
15203867
20555795
20555738
20555669
20555642
20555519
20555483
20555384
20555312
20307895
20487086
17265155
20554436
17197547
20491790
20554058
20553569
20553431
20553179
20552843
20552030
20551781
20550998
20551442
25598857
23743249
20557430
20546018
20546000
20545874
20544707
20544638
20419868
20286310
20224243
18870358
17965964
16122281
15918546
12313668
20550425
20550203
20549447
20549237
20549165
20546129
20548994
20548811
14756426
20545106
20547833
20100943
16667791
20546792
20546651
20546300
20546261
20545958
20545751
19981366
20545295
20545115
20544908
20544866
20544515
20543981
20543891
20543840
20543870
20543846
15357735
20014885
20454146
20543546
20308279
20543342
20543024
20542970
20540579
16218584
20542133
20541941
20541458
20541434
20540345
20540810
20540699
20351047
20540507
20540042
20329480
20539109
25086592
20546789
20545484
20541974
20536259
20536196
20536163
20535701
20534426
20534324
20529842
20516522
20509373
20212651
19353181
18531802
20538800
20538716
20538017
20537900
20436068
20537492
18690613
20537105
20537264
20537177
20536931
20536781
20076022
20535869
20016133
20408554
20534594
20533952
19906972
20533481
20533505
20533271
20533217
20533043
20532701
20532542
16057727
20531345
20530805
20532278
20531810
20531792
20166307
20531402
20531234
20531276
20530850
20530814
20444459
20530493
20530316
20530142
20530043
20529983
20529665
20529590
20529533
20529272
20529242
20529215
20529062
20528891
20528876
19255396
20528375
20528426
60474568
20531765
20524190
20522453
20514392
20494019
18792544
18511129
18484645
18790201
20528003
20527979
20527781
17418938
20527007
20526899
20526788
20200540
20526365
20525042
20526005
20525660
20525393
20525171
18735241
20524280
20016910
15774444
20522207
20521679
20521901
20521874
20521694
20521301
20521100
20521088
20521064
20520941
20520830
20491475
20520203
20519936
20519537
20519393
20519261
20509904
20519057
20518907
20518904
20518661
20518571
20518328
20517944
20518133
20514125
20515685
20515280
20280499
20513396
20512529
20511713
20479502
20181172
18969961
18766861
18173468
17593844
15878244
20516633
20516603
20516084
15911769
20515733
20515625
20515259
17248385
20514677
20487869
20357965
20514467
20514338
11569047
20424197
18918175
20513609
20513627
20513414
17890490
20510558
20510060
20507018
18183500
20509601
20287597
20509454
20508890
20508836
20508542
20508518
20508056
20508284
20508242
15839238
18726556
20507876
20507708
20507519
20507381
20507390
20507246
20507222
20507219
20506385
20506289
20506241
20506004
20505857
18409718
20505302
20504933
20505293
20505218
20339407
19165906
20504921
20511143
20510867
20499737
20499605
20498939
20497757
20497748
20497691
20487638
20452859
20212354
18353897
20503622
13735872
20502500
20502290
20501756
20501594
20501582
20500328
20501285
14827944
20501066
20500910
20500862
20500868
20481437
20500487
20500211
20499359
20498603
20498324
20497541
20497412
20497268
20496944
20497001
18342383
20496797
20428970
20496272
20392744
20495957
17832545
20493206
20492852
20492462
20492264
20492033
15459345
19839670
20490422
13928295
20490761
23548015
21035477
20486297
20486180
20485625
20484023
20483831
20483813
20471213
20460047
20443340
20400052
20223676
20207938
20145862
18903559
17729480
20488967
20488841
20488724
20488466
20488232
20488256
20488217
20487989
20266231
20487803
16454957
20410000
20487515
20487479
16683598
17837123
19011487
20486579
20486717
20486621
20486498
20485580
20485436
20485139
20127829
20484941
19662829
20484584
20484416
20470250
20483345
18993982
20483267
20483039
20482763
20482523
20482013
20481899
20481611
20481479
16278167
20481089
19928992
20480549
20479718
20479679
20479508
20479241
18888991
20478635
20478053
18902530
20477663
20477777
20477597
18585667
19995784
20477366
19342819
20451350
20476568
20476433
20476358
17549996
20475764
20475662
20475641
20488562
20485994
20478935
20470439
20469860
20469689
20469182
20468948
20449121
20435915
20414230
20391433
20375077
20250370
19233949
17425487
14728791
20474606
20279905
20474072
20474003
20449781
20472824
20473457
18843583
19150063
20472725
20472116
20471915
20403310
20471666
20470931
20471081
20470967
20470676
20470415
20469599
20468831
20468195
20437949
7426390
20467916
14817752
20467007
20359912
20466920
19044109
19439743
19131250
20466005
17606348
20393899
20465954
20465624
20465738
16948281
20464979
20464817
20464709
20464562
20464523
20464166
20463917
20463833
20269279
19433815
20456810
20463299
20462954
18402458
20462390
15682527
20462234
18383576
20462123
20456879
20446280
20441354
20429129
20405767
20020057
18687532
17925911
17525384
17441885
17389208
16823959
15848355
20168332
19951768
20460134
20459771
20458982
20458946
20458751
20458190
18620800
20457920
20457875
20457215
20456135
20455865
20455550
20455664
20455667
20288974
20349748
20454722
20454542
20454536
14544465
16741729
18555601
20453420
18349802
20453090
20453018
13618704
20452133
20451812
20451617
20451035
20413057
20450138
20450213
18430451
19344139
19740607
20449352
78275526
20446286
20445752
20445233
20444174
20440730
20435906
20314411
20017672
19794436
12910080
20448029
18428012
20447882
20447756
18748204
19100998
20447075
20446043
20444216
20444159
20443934
20358553
20442161
20439311
20441636
20441600
20441234
20441324
20441123
20440721
20440466
15859722
20259790
15747201
20440043
20439848
20051815
20439557
20439437
20219323
20439080
17152271
18340205
18674020
19142755
20438012
12604736
20225221
19762567
22116943
20434580
20434211
20433212
20432741
20429822
20429267
20385220
20356273
19934800
19482931
19239670
19122211
19027447
18198119
20436860
20436845
20436401
20436149
20436107
20121265
20435705
20434994
20434913
20434844
20434487
20434094
19845676
20009356
20433344
20433218
20433062
20432720
20432870
20428757
20432117
17718710
20431712
20431541
20430719
20430671
20430626
18451205
20430449
17580146
20430287
20430074
20330431
20429888
19221643
20428589
20428355
20428076
20427944
20427701
20427677
20427578
20427410
17666828
20232361
20427236
20426678
20426252
17898458
20426063
20425892
20427230
20422649
20421956
20421863
20421836
20421683
20421188
20420789
20397010
20368795
20127151
19140820
20425853
19723741
20425730
19848970
20424935
20424785
20332087
20424542
20423999
20371195
20423441
20421932
20422889
20422913
20422835
20422736
20422796
20422568
20422376
20421740
20421572
20421677
20397724
20421317
20421101
20420726
20157706
19168849
20419376
20419202
20419043
20418698
20341423
20417795
19298395
20417462
20417438
20417054
20417069
20416819
19820545
20407195
20173141
17101892
20415469
20415274
20415211
20414956
20414716
20413951
20413870
20413408
20420291
20409259
20409142
20408650
20408017
20407717
20383855
20377237
20365735
20362036
20344621
20158645
19898128
18419423
15993389
20387122
20412934
20407801
20294278
20412172
20411698
20398042
15768009
20410792
16759447
20410309
16150553
20408494
20408422
20407978
18530353
20407444
20407300
20407240
16605026
20299846
20286469
18895378
20406841
20406571
20345806
18975703
17143232
20405881
15758742
20390464
14045577
14748596
20382013
18250979
20404717
20404747
20404615
16511732
20403688
20403421
12036912
20402011
20401753
20401339
20401240
20395423
22326940
20396140
20396116
20395798
20394871
20394775
20394691
20394628
20394379
20393665
20387644
20037082
19346968
19014088
13155861
20400625
18907657
20400298
20400184
20400103
20398792
20398678
20398549
20398033
18395816
20397391
20397100
14968364
20396569
20396545
20396440
19944898
20363962
17832431
20394109
20393419
15307251
20393032
20392375
20392672
20392588
20392501
19964800
20392366
20392288
19426996
20391913
20391472
17218541
17249723
20391406
20390887
20390677
20384227
20389798
20389738
19781320
20389558
20389477
20389321
20388805
20388589
20388598
20388418
16622648
19941070
20388334
20388154
20388043
20387434
20386504
58458400
25973875
20382412
20382247
20381341
20380864
20370079
20351857
20386405
20386219
20385574
18995884
19123885
20384941
20384689
20384650
20384572
20384521
20384425
20384209
20384188
19890616
18128279
20381161
20383261
20383087
20380897
20380411
20380303
19026805
20380147
20376979
20379904
20379913
20361532
20379622
18764731
20358700
20378908
20378893
20312131
20316223
15400191
20378248
20378242
20378170
20377825
15771060
20377708
20377051
19762420
20376004
20317153
20375752
15528750
20294647
20374891
20374444
20374741
20374273
30579980
20372029
20370745
20370532
20370343
20370226
20369539
20368849
20368846
20368492
20368108
20344249
20270764
20265421
20236396
20159998
16396571
11299581
20374030
20373880
20229496
20373232
20372899
18981388
20372275
20371975
20371792
20371588
20371459
20346241
20371408
20371369
20371366
20371201
20370634
20370247
20241757
20369830
20286991
20369455
20369386
20056960
20369134
20369020
20368981
20368114
20031070
20367811
20367706
20362750
20367073
20367016
17574836
17510039
20064622
20366398
20366179
20366098
20365960
20365756
18438962
20357566
20364769
20364553
17910836
20364016
20363668
20363593
20363383
20363020
20362894
20362876
19819624
20362351
16183409
20362216
20359786
20358241
20358160
20358133
20357230
20357170
20355853
20306572
20299987
20032735
19227259
18551584
20361490
20361274
20361232
20361166
20360668
20360647
20360641
20360608
20360599
17632790
20172916
20360269
20360038
20359945
20359861
14006454
19735099
19942372
20359210
20359264
20358559
20267110
20358598
20343937
20358646
20358433
20357968
20358052
15235044
20357938
18419207
20357158
20236966
19111639
20356774
20356342
20356132
20355988
20355904
20355649
20355286
20354503
20003758
19866514
20353234
20353024
20352988
20352895
20352865
20352706
20347918
20351986
20351935
20351926
20351704
20351395
18039017
20351284
20225329
20350189
20349976
20345197
20349799
20345857
20345122
20344357
20344306
20344279
20343886
20343856
20326873
20190139
20122564
19967248
19457995
18806098
20349613
20349295
20348581
16929219
20347387
20348158
20348119
20333479
20347813
19717561
19944094
20347093
20346775
20346562
20346214
20346424
20346373
20346295
20345230
20345032
20343793
20343466
18458012
20343139
20342869
19426495
20341690
20334133
20342179
20342140
20341888
20341420
20341825
20341783
20341684
20208223
20341474
20341333
20341276
20341045
20340949
20340505
20340229
20057272
20340034
20339935
18354176
20339581
17466176
20339311
20339116
20339185
20325667
20209390
20338420
20338084
20337979
20338012
20276572
20337811
18686155
20337766
19265725
20337388
20339869
20333038
20332840
20332417
20331991
20331934
20331916
20330818
20330341
20315263
20305072
20281351
17652929
15824064
11606955
20337061
20337025
20336653
20336617
18716833
20335894
20335177
20335006
20334922
20334739
20334298
20334643
20087410
20334364
20334241
16005623
20333971
20333785
20333674
20333116
20332996
20332498
19984399
20332471
18513835
20332114
20331799
20331484
18308276
18947356
20330536
20330455
20329741
19839163
20329669
20329513
20329321
20329222
20329177
20328829
20328838
20328466
13420020
20327944
20327833
20327683
20327494
16483544
20325964
20325784
18863362
20325664
20325400
20325334
20324758
20324938
20324692
20324641
20335597
20331283
20331274
20319985
20319961
20319847
20319844
20319739
20318809
20318497
20308546
20277298
20254720
19988506
18333176
17816108
16665724
16099955
20324167
20323738
20323678
20323546
19987105
20323378
19075468
20322907
17956331
20322364
20322310
18143789
20321698
20313610
20032900
18647104
20321065
20252239
20320726
20198887
20320069
20319997
20319751
18691501
20319031
19930588
20318512
20318314
20317831
20236612
20317627
14529096
20045896
20317516
20317462
20317033
20264584
20316505
20316484
20316241
20316280
20315593
20315143
20315026
19167970
20314720
20314681
20314615
20313940
20314573
20314531
20314459
20314360
20314303
20314273
20314222
20314129
20307493
20312980
20252740
20300668
20159371
20120761
20312344
16914210
20312014
20311519
20311384
20311225
41139936
41139843
20322877
20310019
20306437
20305858
20305795
20304226
20304034
20295292
20276266
20133610
19971367
19263685
18368141
20310001
20309680
20309113
20309389
17182376
20309227
20308903
20308123
20308315
20307958
20307610
20306077
20307034
17236121
20306140
20306713
20306095
20306014
19840513
20305498
12750120
19315642
20304415
20304151
20304157
20303923
20302849
20302582
20302486
20302303
20248288
20302204
18889111
20301358
20301373
20301334
20301211
20301079
20300731
20300293
20300023
20299192
20298880
20296981
20298883
20298916
20298538
20298247
20298016
20297545
20297167
20296942
20296888
20296876
20296771
20296849
20296798
20296756
20296606
19727554
20296471
20296036
20296354
14827001
20295907
20295880
20295871
20295826
20295595
20309713
20308720
20302399
20292655
20291092
20291080
20289880
20278009
20257453
20257339
20241730
19765687
19302952
18883798
18293099
20294911
20294608
20294449
20294440
20294443
20294320
20294020
20293936
20293888
20293528
20292838
12219534
20291452
20289694
20290597
20290513
20290240
20290282
20290219
20290024
20289130
20288725
20258497
20288515
20230876
20288044
20284870
11407887
20287297
20252806
20286697
15838665
20283772
20276050
20286073
20286097
18308111
20285608
20285653
18507724
20285476
20252326
20285422
20285266
20285119
20284573
20283961
20283271
20269924
20282056
20281984
19270357
20281696
25973764
20291062
20278075
20277559
20277436
20277430
20277373
20277199
20276857
20276851
20276383
20276326
20264722
20186350
20026843
19597987
19463254
19462855
13294782
20281348
20269243
18175724
20281030
20090740
20280211
20105164
18660910
19985287
20279557
20279524
20279188
15359778
20278984
20147869
20278411
20278366
20278231
19811638
20278045
18854608
20277664
20277661
15652551
20276899
20275669
20275588
20263306
20275474
20274505
20275144
20275138
20275072
20274916
20274895
20274763
13921398
20274430
20274322
20210074
19430731
20270899
20273983
20273896
19905970
20273710
20273554
20169160
20236180
20272402
20272384
20272369
20272237
20272006
20272036
20271097
20270569
20270548
20270458
20270452
20270446
20270278
19830283
20269960
20269207
20278297
20265196
20265022
20264803
20264689
20263795
20263786
20263657
19841608
19072273
17146115
16757497
20071912
20267932
20226118
20267782
20267506
20267119
20267209
20253007
20266873
20266831
20266321
17937560
20266123
20265847
20265619
14572935
20265385
20265178
20265064
20264896
20264434
20158933
15281928
20263585
20170912
20263330
20262982
20261953
20262751
20262667
20138323
20262472
20261941
20261920
20261851
19945072
20261569
20261572
20257516
20261428
20261311
13707429
20241304
20260780
20260699
20260741
20252893
13175721
20259820
20259781
20259577
17317937
20259220
20259124
20258470
20258194
20258071
20218942
20258032
20258014
20257810
20257654
20257432
20257105
20256751
20256826
20256805
20273311
20264005
20261485
20251846
20251759
20251399
20250439
20250037
20249776
20246437
20206291
18800911
17342273
20255515
20255323
19711789
20254882
20254810
17714102
20254336
20254249
20253778
20253715
20253043
20252899
20251912
20251675
17090402
20192320
20251045
20250145
19468423
20244031
20249986
16700782
20248642
20248264
20247982
20247886
20180953
20247571
16347737
20246629
20206528
20246347
20246308
20245645
20245195
20245240
17733353
20245102
20245039
20244889
20244721
20244610
19014292
20243923
23233015
20243872
20238832
20238745
20237974
20237935
20232412
20195443
20117272
20031898
19811479
19779571
19550038
16976331
12093012
20243410
20243401
20243365
20243350
20243329
20243251
20243200
20242969
20242780
20242489
20242267
20241082
20241454
20241409
19994545
20241040
16667392
20240416
20240335
16608641
20238721
20238640
20237929
20237899
20237641
20234281
19970560
20235349
20234767
20234515
20234389
20233927
20233864
20197882
19968553
20233294
20232304
20232058
20189893
20231482
20231140
20226841
20226784
20226748
20226448
20226364
20226202
20225935
20225476
20225416
20225059
20224891
20224783
20224741
20224606
20224141
19088449
16015703
15039641
20230363
20229868
20229511
20211322
20229328
20229226
20228677
20228545
20228533
19664905
20228083
20228014
20227654
20227471
17935535
19665013
20227372
20227267
19942555
20226880
20171692
15595719
20226265
20224594
20225554
20225491
19475743
20224750
20224678
20224624
20224528
20224426
20223877
19793749
19933648
20213890
15517833
20222440
16361132
20222314
19886251
20184571
20221795
20222026
20221960
20221567
20219506
20221486
20221402
20221414
17572457
20221261
20221150
20119834
20220739
20220307
19898698
18890608
20219119
20219098
20219032
20218951
20218621
20218495
20218411
20218405
20218321
20218276
20218084
20217301
19897654
20231047
20212813
20212633
20212615
20212324
20212069
20211736
20211037
20210908
20204638
20098744
20061445
20006944
19724431
19223209
19157575
18868546
16215521
20149651
19367770
18426027
19173298
20215672
20214331
20215444
20215249
20215024
20116765
19842547
20214532
20214349
20214178
20214007
20213857
20213800
19119049
20213293
20109064
20027083
20211748
20211235
20211196
20211019
20210224
20210089
20210017
20209903
20209963
19710022
20209585
18280235
20209744
20209519
20209453
20209375
17070062
20209207
16009772
20208922
18480178
19230862
20201512
20208517
20089015
20208259
14149149
20208016
20207794
20207797
19467397
20206678
20206486
20206246
20206066
20205997
20205919
20205868
20205847
20205826
20197168
18150653
20205334
20204779
19453336
18991087
20204272
20204092
20203546
20203477
20203375
20199838
20202997
20223547
20200828
20200426
20198617
20198314
20198128
20196787
20196274
20195092
20180563
20144335
20061169
20202550
20202250
20202076
20036779
20201821
20201785
20201671
20201350
20201263
18965749
20201197
20201170
20200990
20200909
20200723
20200624
20200573
20200462
20200231
20200306
20156971
20199916
20199478
20199211
20199055
20186461
19719397
20198125
20197027
20196859
20195917
13092390
20195200
20194780
20195128
20188144
20195107
20194720
20194633
20194489
18441749
19141402
20194213
20194168
20194156
20194030
18714922
20192995
14386872
20193094
18830833
20192329
20192173
20028601
20191609
17840489
20191156
19975774
20190481
19885072
20190130
20189761
20189605
20189542
20022292
20183851
20183827
20183617
20177704
20169547
20139547
20060557
19883497
19791280
14839613
14745773
20189023
20188897
20188378
20188270
20188108
20187700
20187592
20187472
20187490
20187253
20187175
20186944
20186269
20186596
17965391
20046850
20185177
20186260
20186128
20185795
19151467
20185825
20185750
19295452
20185330
19933747
20184574
20184319
20183413
17637239
20183215
20182810
20182687
20182585
20181394
20182231
19381069
20182102
20005066
19050805
20028586
20181478
20181382
20181352
20181313
19719448
17591273
20180281
20180269
20179750
20179714
20179171
20179132
20178829
20178844
20178580
19768864
20178241
20178211
20178079
20177677
16137662
20177422
20177212
20176849
20177167
20177086
20177032
20176615
20176579
20172556
20172331
20172310
20172247
20172172
20171710
20171212
20171050
20171029
20170633
20161216
20140651
20135038
20073331
19887946
19747225
19725178
18407312
20176486
20176369
19894039
20175769
20175319
19367392
20175091
20174860
20174131
18221369
20173810
20173108
20172931
18994021
20172322
20172256
20074072
19455304
16203656
20170801
15667575
15805743
16117022
16292054
16078691
20170534
20170378
20128189
20169544
17230301
20167732
20168872
19939651
20168482
20168218
20167999
20167867
20167852
20167690
19041733
20167390
20167441
19259869
18363269
20166892
20166844
20166439
20166271
17385731
20166139
20096422
20164642
17717456
19996597
20164792
20164666
20164303
20164297
20164069
20163964
20163946
20163763
20163625
20527232
20172730
20158573
20158564
20116321
19908019
19831978
19565611
19080829
18155663
16882965
15437805
20163310
19978699
20162986
20162869
20162851
20162551
20162404
20159959
20161204
20161183
20159683
20160400
20159845
20158867
20158768
20158330
20157934
17183312
20157442
20156875
19978354
20156695
18862633
20156494
20156299
20156104
20155828
20155738
18524875
20155570
20155567
20155492
20155381
20155273
17262734
19942849
20154628
18966016
20154373
20033140
20154097
20153806
20153668
20153137
11769855
20152513
20150257
20151811
20151787
20151649
20151334
20151109
20150995
19940389
20150695
20150686
20150650
20150506
20150323
20150236
20150089
19026382
20149717
20161687
20153788
20145985
20145307
20144017
20143996
20143414
20142628
20140387
20105116
19969942
18953677
20149339
20149102
15300483
20149048
20148970
20131339
20148604
20148394
20148382
19133725
20146453
20147317
20146330
20147296
17356631
20146258
17901287
20130958
20145931
20145880
20145526
20145391
20144911
20144686
18179414
16234334
20143435
20143426
20143243
20142439
20142391
20142301
13698243
20141344
13529955
20141470
20141518
20141257
19850065
19840393
17922488
20140762
20140507
20101528
20140465
20140402
20140381
20140264
20139703
20139676
20139508
19165162
20139151
20138917
20138767
20137012
20138455
20138431
20138350
20138263
19347814
20137381
20136418
20136775
20136526
20136094
20136241
20136121
20135560
20135467
20130613
20130112
20129380
20129071
20124307
20088871
19896796
19706164
19299742
20135209
20122069
20135095
20134963
19329736
20134354
20133955
19109452
20133154
20124007
20133091
20132185
20125720
20132344
20132011
19196986
20130580
20130637
20130505
20130379
13517772
20129167
17650775
20128945
16368407
20128600
19812238
20128456
20128507
20128225
15873264
20127775
20127832
20127613
20127523
20127502
20126563
18929479
20126017
20125774
20125570
20124844
20124760
20124094
14137869
17812646
20123041
20122678
20121940
20121835
20121823
20121772
20121730
20121700
20121685
20121682
20121640
20121613
20121544
20054020
20116186
20116036
20116033
20115976
20115844
20115187
20112178
20083075
19897588
19859335
18491905
20121307
20121160
18488317
20121064
20120941
20120935
20120917
20120392
20120017
20078599
20119141
20118511
20118499
20118052
20117464
20117917
20117941
17970263
20117878
20117836
19979458
19903105
20117605
20117392
20117266
20117020
19791547
20116924
20008822
20116717
14329371
18191756
20104363
19812085
20115538
20046379
20114587
20114374
20114290
20113843
20113294
20017738
20113036
19334338
19183336
19749754
20112148
19716052
20111797
20072017
20104558
20110894
18738985
20108257
17613938
20110483
20110333
20110276
20110150
20109877
20109796
20109316
20109283
20109241
20108821
20108578
20108152
20107609
20107252
20000761
20102485
20102224
20101513
20100232
20096839
20096065
19936441
19856932
19176772
16993062
15939737
15594912
16718992
20040382
20106832
15658758
19056325
20105878
20105824
20105785
16381637
20105389
20105137
20104375
20104213
20103841
20103694
20103346
20103115
19989508
20103385
20103136
20103034
20101234
20099404
20099242
20099173
20098843
20085475
17972294
20098156
19942969
20097652
20097478
20097226
20097148
20096092
20096362
20055070
20095801
20088628
20095549
20095402
20095240
20066710
20028136
20094382
20094277
20093560
20094169
20094118
20093620
25687660
25687534
20088667
20088313
20088064
20087479
20086954
20085301
20084899
20082013
19825285
16922955
13935198
9310907
20092861
17429405
20092354
20092591
19951900
19828189
20090863
20090749
20090347
20090335
20089909
20089972
20089741
20048326
20089318
20089285
20088124
20088079
20087854
16321940
20086867
19127482
20086381
20086129
20085868
20085703
17981249
20085166
20085472
20085415
20085100
20084485
20084110
19168999
20083696
20083285
20083420
20083390
20083000
20082964
20082718
20082220
20082289
20082415
20082229
19819567
20081947
20082076
15131642
20081104
20080852
20080789
20080663
20080240
20027470
25687747
24647044
20090830
20077048
20075755
20075644
20075503
20074972
20074258
20073619
20073595
20063233
19818652
17330426
20079037
20079697
20079646
20074534
20012416
19950835
20078920
20078749
20078212
20077930
20077819
20077567
20077612
20077474
20077462
20077294
20019811
20077180
20076664
20076625
20076547
20076496
20076262
20076040
20076043
20075200
20074543
20074333
20074078
20051041
17605259
19473187
20073379
20073322
20073190
18414683
20072128
14361846
20071681
20071642
20071309
20071012
20070565
20070580
20070277
20070118
20069878
20069767
16432868
19054378
20027239
20060134
20068588
20068567
20068546
20068447
20067757
20067592
20067562
19754815
20067496
20066917
20066122
20066491
19207936
15882198
20076325
20062891
20062174
20062075
20061847
20061805
20061730
20060404
20023558
20021725
20010658
19767967
17604656
13061940
19988983
20066254
20066164
19380709
20066005
20065726
19110040
20064991
12928440
20064793
20064658
20064577
13219713
20064145
20063659
20063626
20063422
20063386
20063041
20062870
20062561
18141116
18922693
18240278
20061244
20061160
20060602
20060173
20060155
20060017
20059828
20059906
20058982
20059648
18481171
19441663
20058814
20058727
20005972
19748122
20057743
20057677
20057428
20057302
20057092
20057050
20056861
20056810
20056738
20056591
20056489
15457419
20056132
19928494
20055916
20052091
19728646
20054800
20054617
20054449
20054260
20053456
21857290
20049469
20048833
20048350
20048287
20048053
20047468
20041600
19660987
16121963
20052925
18406976
20052604
20052577
20051620
20052160
20051956
18515434
20051506
20050831
20050780
20050555
20050294
20050252
20049937
20050039
19439791
20049844
19761856
20049541
19264105
20047906
20047369
20047147
20046658
20046325
20046469
20003365
20045341
18479155
19468498
20044990
20044624
20044549
19985380
20044084
20043931
20043583
20043643
20041504
20043373
18133133
20042947
17581049
20042596
19020010
20042320
20042224
20042011
20029525
20041078
20040685
20040610
20040601
20040010
20036248
20034610
20034181
20034112
20033980
20008609
19927324
19836844
19147579
18661840
18382067
18183842
20039848
20039860
16610756
20039413
20038999
20038987
20038639
20038642
20038507
20038603
18336029
20038516
20038504
20038489
20038360
19998010
20038096
20038054
20037850
20037562
20037520
20037376
20037133
20036905
20036908
20036911
20036824
20036794
20036770
20036314
20036479
20036305
20036278
20035519
20035423
20034775
20034529
20034100
20033644
20033548
16487387
20033233
20032933
18032036
20032711
19377394
20032348
20031970
20032039
20021947
20031895
20031793
20031460
19167202
20031028
20030893
20030611
20030713
20030545
20030404
20030089
19245922
18389375
19799317
17459120
12127143
20027305
20026609
20025019
20022394
20021863
20021362
20020957
20020267
20020138
20017939
19978717
19705882
19459912
19333702
18263900
16840504
15956315
20026153
20025583
20025184
20025256
16662807
20022481
20024467
17526284
20024356
20024224
20024104
20024071
19235923
20023996
20023657
20023465
20022874
20023069
20022550
20022493
20022253
18809266
20021278
20021227
19716748
20020843
16687912
20020744
20020711
20020366
20020231
20020144
18063185
20019877
20019787
20019724
20019676
20019640
20019283
20019253
20019223
20019034
20018905
20018932
18412058
20018677
20018287
20017708
17880320
19888528
19979998
20017081
20016844
20015974
20015779
19272040
19420819
20015332
20015164
20015065
18546112
20014816
20014780
20014396
19893874
20013931
20013793
20012482
20012320
20007772
20007049
20006650
20006320
19994395
19991302
19974307
19868614
19784911
19379467
19356241
14552289
20012128
18334985
20011729
20011534
19107925
20011003
20011099
20011060
20010820
20010493
20010088
20010040
20010046
20009899
20009860
20009797
20009695
20009665
20009602
20009188
20008981
20008972
18179960
20008711
14548170
20008576
20008282
19892908
20007379
20007433
20007088
16522625
20006239
20006011
20005657
20005495
20004871
20004847
20004526
18872131
20003683
19979941
20003605
20003569
20003557
20003542
20003308
18406334
20002786
19177585
20002114
19361845
20001964
20001592
19820053
20001310
20000812
17770964
20000560
20000512
20000341
18816685
19999999
16938441
19999912
20155717
20006623
19994986
19986076
19865224
19826302
19815607
19430638
16423034
19050214
19998097
19997830
19997440
19997311
19996690
19996384
19995436
19994836
19994404
19994344
19993543
19993429
19854847
19993390
19482550
19993318
19993276
19992946
19346632
19983250
19991692
19991506
16634792
19991041
19990429
19990231
16017320
17865386
19989604
19989445
18155375
19716331
19988974
19988665
19988593
19463749
19988575
19988068
19988002
19986481
60086425
25973632
25013314
19983037
19982584
19982536
19981882
19981531
19980943
19976236
19965337
19935391
19867234
19850092
19845898
19083436
18006482
17251484
19987282
19987252
19986895
19986736
19986682
19986091
15577029
19985578
19985470
19983070
19985365
19985245
18954310
19985014
19982824
19984375
19984333
19984162
19984066
19983784
18363965
19389484
19981513
19981522
19981528
15661206
18682873
19981393
19981018
19980952
19980400
16682974
19980319
19979554
19978840
19977970
18470386
19978156
19933420
19978177
19978102
16961505
19977562
19741789
19977511
19976662
19976650
19976620
19975450
55923922
46142341
24995509
19973044
19971733
19971319
19970977
19970233
19969900
19969654
19965667
19964077
19963666
19840822
19737682
18714916
19975264
19974646
19974475
19974238
16775623
19763536
19973914
19973608
19947574
19973371
19973329
19973272
19973269
19973224
19973185
19973107
19973134
19972996
19755055
19972963
19972891
19972894
18890812
19972336
19972261
19971973
19971955
19971553
19950211
19971436
19971415
18336413
18796018
19970941
19970896
19970869
19970839
19970788
19970284
15674304
14825825
19969003
19946275
19968658
19967545
19967335
19966936
19966507
19966474
18406094
19965886
16403735
19965385
19797166
19965238
19965046
19963489
19963426
19958554
19957054
24995473
19947100
19946902
19946836
19946791
19946011
19945867
19944016
19935991
17919029
14956823
19953940
19952596
19952350
19952287
19952266
19951906
19951630
19951408
19949437
19951075
19951039
17713964
19950529
19726969
19664197
19413052
19950076
19949809
19949521
18434423
19949140
19948996
19973536
19948384
16301450
19110646
19947622
17609225
19946968
19946593
19905694
19945567
19945552
19945468
19944754
19944121
19815280
19250311
19943947
19941346
18903358
19943560
19942759
19889737
19942441
19941481
19942075
19941700
15149423
19941769
19941187
19941421
19941172
19941142
19941121
19899487
19940857
19940662
17774150
19940605
19934260
18190151
19939729
19939708
19939681
19225495
19939609
18177389
19939060
19938274
24995443
20544053
19946308
19933792
19933675
19933663
19933228
19932967
19932526
19932505
19931461
19910917
19909594
19906102
19796671
19477828
18525094
12338805
19938169
18577597
19937596
19937599
19937584
19937536
19937467
19937413
19937395
19937041
19936615
19936348
19936255
19936138
19936042
19935958
19935901
19380559
19935652
19935115
19935094
19934914
19934878
19934863
19934794
19934401
19858471
19934284
19934236
19933984
19933351
19933090
19932955
19932862
19932682
19932319
19932133
19931836
19931719
19931479
19931029
19931248
18181097
19930750
19284763
19930528
16022084
19930255
19930051
19930033
17132495
19930006
19929970
19929949
19929937
19929556
19928401
19929118
19929016
19928632
19928593
19928146
19928134
19928029
19926988
19926931
19812706
19926439
19900654
19925443
19926160
19926139
11920650
19925257
19918801
19915522
19912654
19912492
19911928
13669170
17812748
19911331
19911166
17940314
19910935
19910851
24995407
24995386
20155627
19906000
19905433
19904557
19904482
19904365
19904185
19861363
18898687
18254204
17488868
15991169
15804135
14219445
18919051
19910488
19910431
19910170
19186399
19909600
19909612
19909534
15272169
19909108
19909024
19908889
19908751
18255614
19908571
19908247
19908244
19908088
18246611
19907584
19865704
19907518
19907491
19907440
19907269
19907086
19906777
19906699
19906648
19906366
19906339
19906192
19906045
19905979
19905481
19352773
19905034
19904974
19903951
19903939
19903723
19903594
19903438
19903516
19903180
19902760
19902733
19902682
19902505
19901800
18187262
19902076
14866565
19901509
19901179
19901077
19901080
19901089
19900591
19900519
17126834
19900045
19900000
19899943
19134427
19899772
19899709
19898596
19898575
19898395
19898359
19708312
19898143
19898056
19748929
19897342
19897291
18366476
19896913
14765156
19896616
19896571
24995359
19939495
19891708
19891363
19890826
19890700
19889971
19883902
19880542
19816756
19812031
19708816
19392532
19206031
14859389
19896025
19895929
19418830
19895818
19895638
19895557
19895275
19894867
19895020
19894843
19894822
19893916
19893784
19893778
19893406
19891507
19892986
19892971
18269009
19892482
19892158
19892434
19892227
19892110
19891543
19891336
19890808
19890046
14589894
19889590
19889452
18696544
19889350
16582091
19887193
19889020
19888873
16583618
19888813
19888759
18451148
19704319
19781887
19887754
18160538
19887565
19887448
19887391
19878442
18374225
19886878
19886827
19886542
19886377
18209858
19885825
19885807
19885126
19884784
17640500
15785073
19884457
19883857
19884376
19878340
19884145
19884106
19797136
19864375
19883485
19882921
24945253
19879729
19878286
19878196
19877929
19877875
19877644
19877641
19861027
19858087
19816585
19452778
19047262
18650965
17022897
19883173
17016756
19882918
19785967
19882501
19178731
19881862
19881421
19881160
19881217
19881067
19881115
18449186
19880896
19880563
19880479
19880452
19880416
19880377
16163792
19879981
19879936
19879900
19878364
14495811
19878934
19878739
19878157
19877944
19877782
19877452
19877401
19876399
19877284
19875841
19877023
19343887
19876690
19876693
19876675
19876303
19876204
19875829
17368340
19820689
18169910
19867936
19875019
19875280
19773853
19875043
19874827
19864786
19874323
19478140
19874185
19873999
19873786
19839355
19873519
19873453
19872997
19872985
19327204
19345810
18290423
18424590
18290516
19872565
18290630
18424425
19872493
19751224
19872349
19872004
19871455
19871839
18742489
19871785
19871470
19871347
24945196
19881736
19866424
19866127
19865407
19863067
19779142
19365892
18975106
17427044
15399228
15242931
18896323
19870753
19870714
19870516
19870432
19869877
19869889
19869874
19869868
19869829
19869793
19869703
10848828
19869649
11935239
19868311
19483174
16795915
19867939
19867759
19866892
17451428
19866430
19866322
19865986
19866118
19866121
19865971
19864924
19864936
19864582
19864504
19864438
19864294
18493744
19863949
19849558
19862311
19863544
19863349
19863229
19863016
19862839
19862515
17615819
19862377
18770617
19139638
19862080
19759954
19861933
19861720
19861669
19412509
19860496
19405360
19838830
19859941
18755287
19859686
19733686
19219828
19859353
19859320
19859104
19859053
19858780
19858615
17103485
16769281
19858162
19858159
19857997
19289572
19857823
19857865
19857706
24945175
20155588
19853560
19853479
19853092
19852231
19851913
19851838
19851232
19850893
19849957
19839961
19781074
19757488
19746109
19715656
19490797
19452250
19259149
12802017
19857259
19850533
19857244
19857034
19856983
19856605
19856578
19853089
19856476
16601171
19852981
19856203
19856038
19855519
19855459
19854949
19855192
19838518
19854745
19854667
19854634
19854508
19854355
19852366
19854004
17936621
18200024
19853218
19853389
19852891
19181542
19852330
19851382
19847875
19851346
19851334
19851250
19851214
14270262
19850983
19850992
19850935
19731592
19850812
19850653
19850341
19850254
19850230
12310686
19849858
19838128
19849324
19849351
19849147
19233088
19848697
19848529
19817779
19848448
19847893
19206853
18805312
19809811
19799674
19846945
19846549
19846762
19846498
19845973
19845637
19845523
17783648
19844944
19844740
24945118
24646516
19852909
19840801
19840558
19840042
19839688
19839640
19839397
19839274
19838557
19838521
19836886
19826938
19820482
19813489
19804327
19428175
19406014
18624379
18511444
18502840
18468571
18457304
14684946
19743904
19844617
19844422
19844332
19844221
19844035
19844014
19843888
19843657
19843240
19843180
18955549
19826857
19277605
16991133
19088377
19841851
18867181
19841275
13119918
19841071
19840750
19353988
19840288
17828912
19839604
19772035
19839160
16321712
19839031
19812202
19837879
17914712
19837513
19837702
19837663
19837417
19837378
19837327
19837300
19837210
19837171
19836490
19836643
17055368
19836565
19836208
19836190
17493887
19835968
19835842
16257866
18175763
19835203
19835110
19429450
19834858
18524212
19833544
17767844
19833166
19743565
11275989
19519084
19295569
19832521
19832494
19832467
19832392
19832332
19832023
12500200
19831426
19831594
19831552
19831387
19831306
19278985
19831099
24923233
19829089
19827244
19827115
19827088
19826965
19826500
19826104
19825678
19825648
19825543
19825090
19825063
19814005
19805962
19210534
17792639
19731463
19320217
19830817
19830748
19830535
19405198
19830406
19830313
19830178
19830082
19482856
19829506
19829296
19750993
19401829
19828558
14757732
19828480
19828195
13431993
19828117
12327375
19827616
16542914
19827604
19827592
19827328
19827421
14248965
18258458
19826623
19826524
19826134
19749472
19825669
19825684
19825339
19824829
19824811
18130742
19824649
19824490
19824454
19824316
14280297
19823977
19824196
19824013
19823890
19823752
19823692
19705711
19823497
19823416
19823275
19823134
19823242
14010210
19823167
19822489
18749017
19822858
19821829
19822507
19822396
19822387
19822297
19822072
19821754
19821769
19821727
19821709
19821664
19821187
19821163
19821169
15845217
19820464
19811935
19820170
19820167
19709602
19820008
19818355
18410624
19819879
19819774
19819540
19742908
19819360
19155061
19819162
19819087
19819042
19818916
14941995
19818802
19818604
19818274
19818241
19818193
19818232
19817821
19817866
26712949
24945085
24923209
24923179
24923140
19828162
19826527
19825474
19813456
19812847
19812829
19811797
19811785
19811686
19811602
19810813
19809238
19808476
19806382
19806313
19775125
19746634
19741585
19728682
19720702
19715191
19660447
19376629
19295584
19291090
18768967
18483232
18228251
17542028
16940307
15856674
14211534
19817362
19817281
19817113
19816828
18107723
19780342
19816252
19816072
19815988
19815970
19815838
19221265
19814746
15890694
17367452
19815442
19815235
19815157
19815082
19815112
19814899
19814752
19814431
19814413
19814344
19814287
19814332
19814170
19733932
17062991
19813915
19814002
17166887
19813954
19813765
19813309
19813042
19812619
19812376
19812076
15671913
18237119
19341367
18501451
19810843
19810651
19810369
19746964
19791169
19809685
19809604
19809490
19809487
19809460
19808857
19808719
19808683
19808359
15083960
19807798
19807642
19807474
19332463
19807246
19807003
19806916
18275894
19806787
19806715
19806442
19806445
19806166
18662170
19806007
19805698
19805464
19805476
19805380
19740598
19805107
19805074
19804777
19802065
19065943
19804732
19804240
19804072
19804024
19803793
19803799
19803706
19803268
19803313
24923119
19799416
19799110
19799074
19798828
19798387
19797364
19793098
19789327
19780360
19731610
19355071
19311802
17356763
19803169
19803121
19777405
19802956
19802881
17037776
19802476
19802074
19801933
19801795
19801732
19780045
19801672
19801225
19801369
19801147
19800931
19800796
19800745
19800757
19800709
19800706
19800697
19800646
19800580
19800412
19800526
16600556
18033884
19800379
15273720
19800217
18529336
19404586
18066152
19799803
19799839
19797520
19799761
19799602
19799170
14126460
17858855
19798003
19797847
16078625
19156264
19797169
18110930
18903034
19796755
19796569
19796353
18517528
18652114
19795384
19756615
19794898
19794706
19794085
15412602
19794034
19793791
19793914
19793596
19388182
19793458
19793095
19792915
19298245
19792855
19792534
19792423
15262137
19792018
19791907
19791544
19791550
19791118
19790989
24923101
19787212
19787191
19786978
19786852
19786360
19785595
19774516
19754053
19473457
19213354
18341366
19790767
19471693
19163176
19790140
19790032
19789741
19789486
19789429
19789369
18276608
19789192
19789177
19789141
19786216
19788985
19788751
19788646
19788343
19788418
19788409
19788088
19787911
12558928
19786897
19784665
19784443
19784368
19784323
17914100
19784269
19784254
19784221
19784197
19783252
19783216
19775014
19782898
19782814
19782763
19782574
19782586
19782349
19782325
16626953
19782031
19781965
19781956
19775668
19781623
19781317
17193281
19781071
19780978
15212651
19780654
18321800
19780462
19780426
19780219
19780168
19779664
19779487
19779292
19779442
19779436
19778914
19778647
19778632
40105323
24912598
24912559
19795831
19782286
19774483
19773508
19773340
19773043
19772941
19772563
19772458
19467493
19393726
18771379
18019385
17926202
19778260
19778074
19777720
19777552
19777354
19777300
19777237
19777180
18587770
19776898
19776847
19776823
19776727
18512869
19776652
18609865
19776496
19022245
19776373
19776340
19775974
19775980
19775914
19775707
18891730
19775179
19774915
18082760
17724842
19773289
19773022
19772974
19772719
19772110
19771807
19720558
18151169
19743793
19771189
19111270
18442016
19770364
15858915
19769821
19769749
19769536
19769371
16550573
19769125
19769008
19768891
19768768
19768690
19768504
19768450
18402254
19768135
19767973
17653886
19767862
19767793
16227884
18993961
19767589
19767457
19767274
19767208
19766515
19732498
19713256
19766155
19713670
19765939
19250185
24912523
19791517
19767334
19762189
19762162
19761952
19760419
19760410
19760281
19474585
19377244
19288249
19765519
19765294
19765162
19536409
19765075
19724920
18548821
19764760
19764625
19273837
19764160
19764022
19763899
19763890
19763470
19535512
19763089
19105660
19762531
13449258
19762450
19762297
15583959
19762108
19719460
13210110
19761460
18739039
19760971
17700275
19760188
19759906
19759732
19759663
19759024
19758964
19211689
19758661
19758574
19758562
19758496
19758313
19758328
19758163
19758115
19757953
19757917
19757875
19757611
17325440
19735324
19756990
19756897
19756660
19756321
19755874
19755805
19755115
19755013
19755004
19333540
19754404
19754311
19754278
19434457
19704409
24856474
24856450
23843716
19769170
19750567
19749784
19749130
19749115
19748887
19436917
19382206
19354120
18597775
13114257
19753327
19753267
17942831
19753177
11897778
16882809
19752742
19752676
19752652
19471279
19752466
19752460
19752232
19752205
19751926
19351687
19751755
19751779
19704265
19751119
19751023
19751002
19750891
19469977
19750825
19747786
19750696
19750636
19750414
19750366
19748806
19749511
19748977
19709758
19747993
19739668
14016435
19747339
19475650
19746955
19746901
19746895
19741714
19743790
19745722
19745272
19745425
19742284
19745326
19745317
19463671
19745047
19744822
19744537
19744504
19736284
19744168
15605916
19743874
19743646
19743430
16723626
19743376
19743109
19742698
19742872
19742584
19741609
19742005
19742002
19733320
19395112
19741471
19741183
19741177
14366691
19740529
24856414
23087059
19736698
19736587
19735906
19735573
19733281
19714606
19707295
19490344
19280962
19172815
18223073
15860718
19740400
19740154
17385314
19739932
19739158
19739404
19739329
19739020
19738963
19738732
19706809
19738480
19454731
19738279
19738141
15121010
19737631
19663354
19737607
19737526
19737424
19734319
19737241
19736950
19736761
19736446
19736398
19735927
19735795
19735108
19104772
17282606
19734841
19281883
19733593
19733233
19732873
19732852
19732843
19732831
19732789
19732396
19732165
19731829
18638566
17899544
19731322
19731262
19731058
19730971
17813951
18971368
19730806
19724524
19730215
19729813
18790483
19729294
18050498
19067599
15557238
19728529
19475344
19727785
19727419
19727092
24856387
19738459
19722805
19722145
19721788
19721377
19721188
19721056
19699030
19444969
19431988
19425466
19215175
18135497
9663227
19726891
19726672
19726561
19103683
19726423
19726120
17619227
19725496
19725259
19725196
19724986
19724989
19457638
19724740
19724602
19724569
19724512
19724332
19724098
13497446
19723996
19723771
19723177
19723087
19722934
19722850
17931782
19722712
19722475
19722202
19722085
19721851
19721776
19325260
19721695
19721539
19721395
19721404
19721320
19721128
19720993
19719679
19719598
19719295
19719136
19289179
19718395
19718335
19718167
19718206
19471645
19717735
19717726
19717516
19717459
19717321
19717249
19717126
19242340
19064659
19716865
19189786
16557293
19716328
19716082
19715977
19715815
16959729
19715569
19715353
19715014
19406842
19714786
19714768
19714378
19030204
19713415
19713205
19338373
19712821
19712725
24856357
19767865
19724671
19708483
19708066
19707592
19707565
19706857
19706221
19705969
19265032
19151830
16662501
19712284
19712188
19711996
19711903
15359241
19711606
19711489
19711036
19710727
19710700
19710361
19332979
19709956
19709806
19709236
19708999
19402786
19469023
19708414
19708705
19707895
19707952
18521908
19707325
19707145
19706242
19227397
19704937
19704784
19664659
19704223
15717165
17294354
19704175
19402084
19704139
19704022
19703923
19703809
19703647
19703632
19424821
19703296
18434636
19703044
19702984
19702759
18770230
19702696
19702486
19701973
19701619
19117378
19315249
19700635
19700380
19700404
19689397
19688281
19668367
19666351
24856333
19709824
19664683
19662220
19662175
19660996
19660921
19660852
19660624
19660591
19660273
19659484
19482484
19471837
19466833
19408474
19666066
19666081
19665736
19416985
19664341
19664053
19663972
19663969
19663684
19663618
19663399
19662436
19662793
19662706
19662601
18749245
19662106
18498334
19661113
17462483
19411183
18231278
19454551
19658170
19421854
19651021
19320844
19641481
19131067
19638361
19634392
19625707
19584055
18748537
19470925
19600084
19600027
19599103
17987918
19596808
19425202
19589890
19587733
18535972
18774307
19560277
19571221
19567891
18822535
18960820
19561918
19558531
19553743
19553110
16374032
19394326
19526953
19500307
19498339
19202659
19493746
19490755
19489627
19486429
19486387
19486318
19486273
19486195
19485973
19485445
24850408
19662493
19482205
19481824
19481776
19481770
19481632
19481518
19480975
19480756
19480654
19458697
19457575
19419499
19417093
19410817
18061184
19485481
19485028
19484887
19484749
19484251
19484059
19484053
19483984
19483765
19483573
19483657
19483555
19357297
19482970
19482922
19482937
19482685
19482604
19482346
19482283
19481332
19480972
19480759
19480201
19480363
19479979
19479916
19479604
19478941
19478626
19478623
19478488
19477966
19477915
18395111
19477792
19477750
19477690
19477678
19477615
17220656
19477204
19477357
19477258
16237358
19476694
12870768
19476313
19475953
19475959
19475902
19475719
19475698
19475692
19475677
19427659
19475074
19474819
19431907
19474123
19474054
19473868
19473820
19473658
19473181
19473322
24850381
19483012
19468903
19468366
19468132
19468081
19467610
19467604
19467523
18540337
19473253
19472833
19472617
19472665
19313254
19472296
19471951
17723105
16857100
19471840
18781990
19471165
17654414
19470964
19470943
19470790
19248727
19470481
16197200
19470088
19470037
19470022
19469899
19469827
16702936
19469785
19469671
19469092
19467832
19207540
19467358
13130334
18045131
19466905
19466719
19466614
19466530
19466536
19466164
19465825
19464778
19465447
15655299
19465078
19464604
19464634
18390683
19464034
18309062
19463371
19116202
19463158
19462846
19462639
19462513
19462381
19462330
19462198
18099836
19462051
19461940
19457299
19440052
19461391
19461358
19461175
19460428
24850345
19470061
19456690
19456234
19456126
19455913
19455703
19455688
19455643
19455418
19455283
19455028
19455004
19454296
19437460
19074127
18815647
16021268
19151425
19460305
19460206
19460113
19143622
19459576
19459552
18786781
19367599
19458799
19458694
19458628
19458625
19458502
19458223
19458214
16691758
19458064
19379872
19454947
19429126
19457377
19457596
19255630
19457494
19457401
19457311
19457290
19207615
15599817
19456558
19456447
19456090
19455763
19409668
18780181
19455007
19454950
19454704
19454662
19454641
15972206
19428394
16233401
19075573
19453531
18950794
19452964
19453024
19348843
19452658
19452580
19452565
19452508
19452511
19452373
19452205
19446598
16482857
19358287
19451719
18012509
19451440
19451461
19124515
19451155
18786664
19451110
19359931
19450780
19450744
19450387
19450189
19450003
19449883
19449766
19449691
19449499
19449487
19449475
19449430
19449379
19449256
19449205
19449190
18598822
19449022
19448740
19448800
19448587
19448581
19448287
19447903
19447891
19447723
19447687
19329361
19447303
65893345
24850081
19455343
19442995
19442827
19442542
19442185
19442155
19441777
19441579
19441561
19441375
19440346
19439626
19434748
19405660
19395958
19360108
19104979
18552088
17026614
15068960
19446778
19446688
15384093
19446616
19446427
18624604
19445899
19445887
19445518
19445404
19445488
19250248
19445401
17494160
19445143
19444927
19444750
19444795
19444180
19444303
19444231
19444138
19444129
19443832
19443664
17568920
19443265
19262296
19442773
18480280
19442086
19441693
19441201
19440973
14716826
19337362
19440568
19440652
19440550
19440394
19440343
18518263
19440121
19440103
19439908
19440001
17470925
19439887
19439635
19419268
19286530
19439341
19439329
19439200
19439188
19439143
19438564
19438477
19438051
19437943
19437874
19437841
19436305
19437601
19437262
19437310
19437238
19437091
19436968
19436395
19436203
19435996
18721921
19435207
19435054
19435018
19434142
19434082
19434073
19433743
19433656
19433053
19433119
78276146
44966557
24850057
19483159
19444306
19441807
19427986
19427890
19427590
19426966
19426468
19424614
19414954
19414561
19396270
19390327
19374238
19342198
19270285
19226266
19125076
18023645
17636972
16533752
19432900
19432834
19432786
19432768
19432081
18938239
19431847
19431613
19431361
19372006
19430941
19430932
19430740
19430749
19430617
19390543
19430167
19430035
19429963
19429771
19424866
19429792
19429552
19429525
18833656
16051286
19429411
16531745
19429324
19429174
19429090
19428907
19054225
19428550
19428670
19428319
19427923
19183063
19427944
19427920
19220230
19427350
19427173
19426600
19426345
19426270
19426027
19426006
19425982
19425928
19425844
19425694
19425610
16681699
19425181
19425022
19424932
19424881
19410091
19329811
19424467
19334431
19424326
19424275
19424242
19424074
19423987
18833002
15518904
19388932
19423105
19423075
19423039
18885247
19037551
19422484
17532140
19422049
19421167
19421707
19421527
18993403
19420930
19332694
19420843
19420780
19419970
19418926
19418827
19418539
19418605
19418521
19407424
19418215
78274851
78273826
78273306
24750928
19452535
19430116
19413346
19412713
19412653
19412605
19412470
19412110
19412011
19411891
19408222
18706672
17169419
19418440
16810651
19418341
19418203
19417678
19418095
19418068
19417897
19417756
19417480
19417306
19417138
19417243
19417081
18906280
19415065
19416577
19416511
19416475
19416403
19416322
19416319
19416223
19416199
19416013
19416001
19415728
19415557
19415473
19415398
19415356
19415020
18687631
19415110
19415119
19415056
19414939
19414849
19414813
19414624
19414609
19414603
19414309
19371493
19413883
19413802
19413193
19412467
19412719
19412611
19412431
18698836
19411999
14121750
19411567
19408978
16900671
19283410
19411294
19411258
19410934
19356403
19410478
19410298
19410028
19409995
19409824
19207504
19409728
17804576
19214377
19409242
19409257
19401889
19409161
19408540
19408900
19408837
19408759
19408726
19408651
19408579
19408537
19408507
19408486
19408303
19408279
19408270
19408246
19408039
18626422
19268551
19407820
19407697
19407244
19401403
19407202
19407070
19406890
19406872
15442725
19406737
18708400
18989512
19406290
19406089
19406071
19406056
19405945
19200694
19405477
19379698
19405219
19405180
19405096
19405090
24769879
20155531
19483084
19431910
19424479
19416211
19415644
19401631
19401205
19400893
19400662
19400143
19399690
19399684
19399639
19399066
19368643
19362967
19322233
19233811
19195786
18939283
18506461
18192104
19333642
19404853
19404784
19404523
18405923
19404355
18700285
19404046
19403857
19403503
19403050
19367371
19402855
19402858
16312829
19402531
19402393
19402234
19402003
19402174
19402093
19372648
19402057
19401940
19401472
18613339
19401226
19401013
19400863
19244377
19400212
19400089
17657138
19399696
19399516
19399177
18915328
19398988
19108489
19398349
19397914
19397836
19397773
19397404
19397155
18885232
19397182
19396846
19367530
19396975
19360585
19396711
19391749
19396420
19390375
19396186
18415928
19331926
19395901
19395721
19395697
16998114
19323766
16594646
19301902
19394731
19361842
19394524
18243110
19393222
19392883
24750922
19409530
19408324
19388701
19388557
19388488
19379665
19378924
19368424
19363888
19359682
19359433
19206067
14175861
19392895
19392358
19392205
19392196
19392175
19392136
19391950
19391869
19391764
19391608
19391593
19391551
19234819
19391374
19391293
19391083
19197790
19390966
19012063
19390726
18591454
19390303
19390171
19390105
19390057
19389859
19389232
19388497
19388398
19388146
19338055
19387981
19387102
19211254
19387171
19387357
19387039
19386838
19386661
19386361
19386202
19386028
19385926
19385779
19385794
15167081
16256315
19385539
14198439
19385329
18685645
19385209
18716158
18801973
19384309
19384276
19376944
19383055
19381924
18586576
19383349
19371616
19383067
19382971
19382836
19382740
19382653
19382494
19382500
19382449
19382341
19168108
19381786
19381687
18960769
14903171
19346992
19381426
24751000
19390756
19390597
19388623
19377658
19377544
19377529
19377523
19377010
19376491
19355224
19341697
15271164
19380796
19379878
19313185
19379569
19379563
19379437
19379410
19379278
14042316
19378474
19378435
19378426
19377313
19377154
19377199
19377043
19376584
19376068
18670123
19376014
19375909
17740160
19375702
19375663
19375564
19375528
19375387
19373782
19374814
19374946
19374727
19374718
18624325
14883848
19374070
19374010
19373458
19373566
19358713
19373464
19373194
18951616
17736821
19373170
19373107
19372999
16570019
17675957
17348900
19371724
19371574
19371460
19371268
16531088
16338335
19370692
19252078
19333069
25434778
25431607
25430212
24750952
19386127
19378681
19365832
19365757
19365307
19364323
19364287
19363765
19349122
19343038
19339108
18137636
19368973
19368886
19368892
19368304
19368274
19368301
19368292
19367944
19367947
19367869
19367740
19326679
19367305
19367197
19366954
17344505
19366702
19366615
19366522
19366435
19366408
19365991
18652750
19145071
19352614
19365286
19364788
15174470
19364644
19364518
19364500
19364086
19363504
19363438
19363021
19362811
19362592
19038187
19362532
19362049
19362220
18725281
19361839
16851022
19190935
19361215
19361038
19360792
19360603
17883929
19359739
19330846
19359514
19359325
19312786
19359223
19359214
19358599
19358338
