69632086
60201154
79576296
82484351
82485691
82500881
82501211
82502201
82576431
82576861
82577331
82577931
82652581
82736581
82847826
82848026
82848441
82848746
83199886
83277331
83301456
83660491
78336311
80191171
79208061
80736661
78298686
32383993
82972511
77209321
82008056
82761236
83298816
82663611
75554526
76763756
82429366
82210456
81808906
83844946
83015071
81773171
79800171
83545151
76864306
62898433
78901346
61734754
78264591
83724371
77951121
56383576
62655991
62718913
62765854
62766565
69510986
71316701
84005981
70497176
84000286
83993246
83989951
83985226
83981871
83976691
82648961
81587721
83703151
83970576
53650909
83964611
83959756
78029951
67328197
82273336
58951363
83898916
83930011
81132856
83873706
83925656
83893131
52993432
83918306
83894481
79621431
83812816
76095551
83602881
83875116
83870046
83859396
43702237
61488703
83848791
75213361
79544001
83833411
83830571
83822816
62755774
80762356
83816466
83760006
76543361
57202372
82608801
83802526
83800276
82446006
83292761
83789026
83621401
66854218
82745261
83204696
79759756
83758811
83752346
66283906
78678731
83742496
83706336
83705281
83702446
83055896
81573526
83700156
83699906
83699571
83696791
83696596
83695071
67771496
83690711
60725719
83677051
80989606
83676071
83671441
83663491
83208641
83657426
75089496
83647656
72026611
83638946
83636306
83629536
83627781
83273796
83066176
83621061
83610761
83604511
81559881
48447589
44508616
83581161
83580071
83579281
83570381
83568451
83556616
83556466
83336161
83547361
83544426
69923276
83532621
83469726
83521056
83416896
83515001
83507771
83414161
83500931
83480121
83496421
83492956
83492341
68273791
77066451
82193126
83484921
83478801
68870516
83061541
83440481
83455341
83451226
83451056
83336301
83429441
83427861
83427406
83295706
83419391
83418906
41363547
83405691
78072976
83073541
83381741
83386476
83376281
83302236
83367011
83366316
83361786
83358901
83355756
83353721
83290536
80206346
83345841
83341311
83342111
83320231
83319596
83317011
71691306
83306671
83303706
83300251
83300021
83122156
83291831
83281276
83272811
81687176
65959714
82478031
83242626
83242131
83241896
63142987
83223536
83217731
83162906
83201306
83195881
83191306
62526871
59892103
83164316
81459831
79887646
55208365
83161241
83129546
83143791
81234966
83138431
83135691
83133451
82022286
83112101
83111196
71681316
83095881
55013071
83075366
83073891
63538420
83051201
82891466
81363311
83040171
51396430
83025256
83022491
83012526
82626426
83000981
26108083
82979846
23374111
82972721
69935381
82962781
82956496
82950161
82947366
79337396
82912766
60587356
81281921
78387056
82896681
82886511
82888366
82872796
75119586
82868331
82860801
82858631
82853521
82850746
82846236
82843561
73645861
82836326
82821936
82825646
82817246
81572691
82813346
82812906
20181277
81908691
82806951
82801786
82800586
82799186
82793796
82793491
82793361
82793086
82792806
82792311
68997956
82781776
78874341
82567386
82764531
62007991
65836099
82746426
82732691
82722936
82729441
82728036
82713706
58607071
31702253
30270516
82709736
80867641
35261977
82699346
80870041
82685641
82684501
31027559
82665806
72896586
79159596
82371471
82651266
74390611
82145341
82639376
76798706
79527936
82598021
31042472
